20472
23622
18538
12292
6038
24179
18190
29657
7958
6191
19815
22888
19156
11511
16202
2634
24272
20055
20328
22646
26362
4886
18875
28433
29869
20142
23844
1416
21881
31998
10322
18651
10021
5699
3557
28476
27892
24389
5075
10712
2600
2510
21003
26869
17861
14688
13401
9789
15255
16423
5002
10585
24182
10285
27088
31426
28617
23757
9832
30932
4169
2154
25721
17189
19976
31329
2368
28692
21425
10555
3434
16549
7441
9512
30145
18060
21718
3753
16139
12423
16279
25996
16687
12529
22549
17437
19866
12949
193
23195
3297