22386
5021
28745
26924
19072
6270
5829
26777
15573
5097
16512
23986
13290
9161
18636
22355
24767
23655
15574
4031
12052
27350
1150
16941
21724
13966
3430
31107
30191
18007
11337
15457
12287
27753
10383
14945
8909
32209
9758
24221
18588
6422
24946
27506
13030
16413
29168
900
32591
18762
1655
17410
6359
27624
20537
21548
6483
27595
4041
3602
24350
10291
30836
9374
11020
4596
24021
27348
23199
19668
24484
8281
4734
53
1999
26418
27938
6900
3788
18127
467
3728
14893
24648
22483